-0.099750
0.025283
-0.036209
0.099438
0.067246
0.058765
0.045385
0.167044
0.164930
0.162177
0.060155
0.209579
0.192326
0.165344
0.135822
0.090378
0.117991
0.184898
0.153733
0.169679
0.346395
0.249980
0.196769
0.185953
0.198824
0.284593
0.327276
0.347056
0.364996
0.377845
0.301371
0.412388
0.381531
0.373331
0.325783
0.447316
0.493779
0.508904
0.463556
0.431094
0.556948
0.538063
0.594803
0.599583
0.533045
0.464294
0.538810
0.503941
0.639717
0.519493
0.643717
0.666636
0.707289
0.717799
0.649991
0.615911
0.600299
0.616042
0.734041
0.580081
0.659720
0.612178
0.738091
0.622779
0.622067
0.812727
0.692691
0.700520
0.771833
0.800679
0.838035
0.823761
0.783276
0.735062
0.850314
0.802709
0.807931
0.913364
0.879484
0.759184
0.864137
0.828041
0.904528
0.885717
0.884665
0.848575
0.812602
0.833157
0.878872
0.959981
0.908248
1.008104
0.965551
0.889344
0.858873
0.961238
0.932708
0.851442
0.982942
0.948060
0.880556
1.044781
0.886837
1.043051
1.003960
0.929193
0.956943
0.888602
1.070591
1.016492
0.912934
1.060015
1.051022
1.005062
0.928732
0.927693
1.057050
0.990004
0.927244
0.997943
1.044430
0.979855
0.955206
1.013433
1.036369
1.051170
1.044304
0.994743
0.923894
0.972299
1.064963
0.904178
0.999536
1.027548
0.978856
0.913050
1.080329
1.072929
0.996595
0.953762
0.976632
0.954851
1.046664
0.937902
0.962852
0.922961
1.061976
0.921588
1.006360
0.968320
0.890254
0.999361
1.010879
0.918265
0.934509
1.007809
0.830571
1.019158
0.929759
0.820208
0.911093
0.838219
0.962450
0.913488
0.913814
0.815877
0.938615
0.788588
0.779512
0.899620
0.807141
0.925742
0.787812
0.790795
0.744392
0.855634
0.868491
0.835590
0.806336
0.827905
0.721058
0.691337
0.654575
0.658142
0.798761
0.799494
0.662425
0.634656
0.713292
0.596504
0.607302
0.666235
0.716456
0.693815
0.655745
0.552201
0.615035
0.558248
0.647174
0.555976
0.575123
0.524059
0.582843
0.563391
0.572131
0.467865
0.526002
0.607048
0.542775
0.577688
0.419743
0.437893
0.395250
0.547419
0.428604
0.525383
0.333877
0.427941
0.310252
0.367325
0.454428
0.266098
0.423567
0.290823
0.266404
0.362830
0.279185
0.225414
0.298566
0.281670
0.239012
0.229770
0.243836
0.238952
0.270669
0.253140
0.199978
0.206819
0.163376
0.112817
0.062187
0.160438
0.111388
0.168869
0.023900
0.000579
0.071189
0.077392
0.042053
-0.017174
-0.001108
-0.096489
0.023019
-0.015280
-0.026168
-0.024566
-0.014421
-0.158029
-0.085154
-0.039310
-0.043022
-0.114850
-0.104689
-0.253994
-0.141468
-0.092075
-0.236708
-0.198167
-0.263106
-0.301714
-0.326979
-0.187032
-0.202707
-0.236156
-0.366065
-0.343634
-0.405074
-0.417499
-0.316447
-0.292412
-0.359106
-0.390128
-0.409578
-0.443157
-0.421264
-0.425538
-0.506585
-0.483776
-0.411980
-0.507927
-0.416417
-0.400912
-0.428954
-0.469434
-0.565163
-0.447027
-0.620948
-0.643728
-0.510276
-0.572656
-0.565858
-0.506682
-0.693477
-0.542732
-0.596920
-0.672999
-0.726096
-0.655576
-0.720594
-0.717274
-0.600551
-0.683420
-0.670090
-0.788628
-0.721801
-0.753142
-0.738151
-0.687269
-0.752399
-0.785969
-0.732881
-0.772032
-0.765032
-0.814954
-0.900389
-0.767442
-0.896215
-0.798919
-0.757947
-0.839228
-0.794860
-0.851614
-0.881505
-0.806851
-0.859621
-0.904887
-0.791148
-0.861967
-0.958525
-0.924556
-0.978502
-0.861450
-0.824897
-0.897834
-1.019511
-0.963808
-1.023147
-0.910892
-1.016665
-0.877684
-0.878194
-0.935488
-0.914194
-0.891234
-1.062446
-1.043289
-0.930050
-0.951098
-1.033755
-1.066665
-1.048503
-0.959744
-1.018489
-1.024770
-1.016948
-0.959915
-0.933133
-0.933575
-0.990826
-0.974938
-0.938390
-0.918617
-1.070327
-0.973649
-1.019438
-1.049260
-1.072613
-0.928646
-1.086057
-1.013175
-0.983356
-1.036702
-0.986523
-1.049839
-1.031341
-1.069989
-0.928854
-1.061710
-1.029836
-0.926942
-0.903241
-0.921928
-0.928509
-0.951482
-0.999407
-0.897252
-1.019683
-0.889311
-1.012634
-1.004955
-0.942575
-0.850132
-1.032230
-1.022449
-0.929394
-0.944416
-1.006144
-0.968472
-0.836934
-0.963553
-0.975517
-0.974386
-0.807514
-0.972114
-0.972873
-0.964563
-0.902903
-0.780983
-0.877806
-0.864438
-0.755095
-0.770091
-0.823751
-0.755113
-0.777633
-0.829480
-0.849734
-0.893124
-0.781170
-0.687502
-0.790774
-0.814223
-0.737140
-0.794914
-0.700711
-0.639913
-0.733209
-0.633491
-0.801216
-0.605458
-0.664237
-0.618101
-0.650676
-0.728100
-0.702591
-0.660823
-0.726837
-0.634275
-0.691481
-0.565919
-0.516766
-0.664602
-0.505057
-0.524462
-0.508097
-0.475287
-0.519147
-0.477314
-0.575070
-0.454826
-0.436174
-0.415157
-0.553366
-0.374647
-0.408212
-0.384466
-0.497285
-0.392509
-0.301793
-0.468023
-0.413130
-0.427377
-0.248287
-0.308823
-0.362495
-0.224520
-0.323535
-0.246111
-0.329225
-0.329658
-0.300581
-0.232211
-0.143815
-0.290724
-0.119181
-0.199036
-0.259001
-0.106218
-0.215868
-0.042911
-0.070159
-0.038779
-0.158234
-0.096528
-0.174576
-0.012664
-0.127435
-0.056749
-0.062903
0.085957
