0.143869
0.160950
0.173821
0.189869
0.201006
0.210371
0.224515
0.237961
0.246213
0.252647
0.264052
0.281397
0.293370
0.304220
0.314850
0.331695
0.349602
0.368675
0.385262
0.400434
0.412219
0.419916
0.430074
0.447792
0.461134
0.478929
0.494211
0.509412
0.524241
0.535641
0.545164
0.557121
0.565267
0.579367
0.587637
0.600995
0.607589
0.617362
0.621917
0.628257
0.643523
0.648952
0.655451
0.662532
0.670576
0.682775
0.697154
0.706933
0.716177
0.724601
0.735930
0.742498
0.752368
0.759255
0.760911
0.769477
0.777962
0.790131
0.800918
0.806943
0.817683
0.823798
0.832637
0.838268
0.851756
0.863204
0.871019
0.881933
0.889486
0.892968
0.899390
0.903177
0.904284
0.912271
0.920791
0.922001
0.931683
0.934840
0.940027
0.945006
0.951807
0.955519
0.957941
0.964584
0.969815
0.970945
0.979403
0.988940
0.995816
0.997810
0.996519
1.002471
1.001747
1.000215
1.004559
1.011981
1.012726
1.013626
1.020105
1.022242
1.026367
1.032917
1.030915
1.032398
1.029567
1.032008
1.031007
1.032711
1.038268
1.034599
1.030461
1.037157
1.037674
1.035497
1.033445
1.035361
1.036447
1.036031
1.033947
1.035372
1.032372
1.033074
1.030743
1.032790
1.030985
1.025141
1.023068
1.021731
1.018672
1.019097
1.020517
1.011142
1.015741
1.012950
1.004656
1.001945
0.998952
0.994237
0.987859
0.984548
0.979033
0.977512
0.970862
0.960176
0.958644
0.952416
0.952527
0.941560
0.936329
0.925850
0.921343
0.920472
0.913921
0.905739
0.902125
0.893587
0.880928
0.873888
0.859448
0.854208
0.853379
0.843433
0.835290
0.825324
0.812644
0.800384
0.794398
0.785512
0.781721
0.776770
0.762873
0.755189
0.740489
0.734864
0.725471
0.718700
0.705437
0.694012
0.683124
0.673755
0.659354
0.651551
0.648180
0.643708
0.640490
0.625329
0.610865
0.600178
0.596689
0.585301
0.582456
0.571519
0.561987
0.545739
0.532680
0.524627
0.513183
0.505524
0.494827
0.479596
0.471870
0.460033
0.448087
0.436716
0.425447
0.412122
0.402599
0.391312
0.376588
0.365704
0.352722
0.343931
0.334688
0.325414
0.308029
0.293373
0.278775
0.269875
0.259513
0.248058
0.233389
0.218059
0.210511
0.195250
0.182930
0.172230
0.153857
0.143611
0.133983
0.120993
0.108744
0.099183
0.089993
0.080239
0.070681
0.059854
0.049729
-2022672171278364400000000000000000000.000000
0.000000
0.000000
-4045334835177227100000000000000000000.000000
-4045334835177227100000000000000000000.000000
-4045334835177227100000000000000000000.000000
-4045334835177227100000000000000000000.000000
-4045334835177227100000000000000000000.000000
-4045334835177227100000000000000000000.000000
-4045334835177227100000000000000000000.000000
-4045334835177227100000000000000000000.000000
-4045334835177227100000000000000000000.000000
-4045334835177227100000000000000000000.000000
-4045334835177227100000000000000000000.000000
-4045334835177227100000000000000000000.000000
-4045334835177227100000000000000000000.000000
-4045334835177227100000000000000000000.000000
-4045334835177227100000000000000000000.000000
-4045334835177227100000000000000000000.000000
